5575981401111
5571996684118
5571984856783
5531972589148
5583987659648
5571996559172
5562981341774
5562992825542
5511976769624
5575992045232
5583993708028
5583988569001
5511944595884
5583987579210
5583986385324
5583986394615
5571992564280
5583991725672
5583993912966
5583996967667
5561999221009
5571986009283
5573991238367
5571999949596
5571988372987
5513997946585
5521972516590
5571987578501
5531989740546
5575982993847
5571996551272
5571988844924
5583988358553
5571986834078
5583993388867
5562984035274
5511948887081
5562984538296
5571996707685
5562981084930
5562991595296
5511948811172
5563992426344
5571987586557
5571992948101
12034140466
33749988901
351910218950
351932234441
351961578618
351963334171
553171893032
553193018476
553388821432
553391096850
553399175894
554195050578
554199736785
554699734251
554796785513
554797393277
556181012744
556181762555
556181773186
556182966380
556184927603
556185109054
556185405745
556185801204
556191247603
556191412144
556191772035
556194002077
556194292967
556196073644
556196187820
556196752146
556198855960
556281968544
556282306945
556284013195
556284091635
556284158702
556285979704
556286248319
556291739163
556293277538
556294382167
556298533084
556384324367
556384469664
556391055622
556399930604
556481433256
556484557298
556492310512
556492475920
556599928096
556781676404
556792295865
556792570418
556796149050
556798741615
556899752028
556899762904
557181017322
557181029946
557181032772
557181206812
557181285041
557181451183
557181588328
557181686241
557181702038
557181729828
557181737390
557181934569
557181978461
557182123427
557182309771
557182327571
557182376350
557182533531
557182609416
557182674201
557182784618
557182900341
557182990836
557182991219
557183178188
557183320487
557183331563
557183629010
557183717150
557183936863
557183941731
557183987762
557184004936
557184009476
557184534497
557184540242
557184625032
557185032907
557185202446
557185554650
557186005673
557186039879
557186180231
557186345907
557186410293
557186453575
557186468054
557186472741
557186529302
557186555242
557186579033
557186580403
557186723202
557186754951
557186779099
557186810185
557186822160
557186874652
557187038769
557187074535
557187097179
557187108131
557187164523
557187224470
557187246486
557187256146
557187276728
557187321900
557187391682
557187397036
557187405331
557187478995
557187556651
557187797323
557187838319
557187975040
557187984457
557188011887
557188031531
557188074888
557188239808
557188317279
557188319480
557188327175
557188344232
557188376823
557188401032
557188444449
557188449403
557188450532
557188476996
557188478382
557188747757
557188756189
557188768765
557188813064
557188817605
557188885269
557188890071
557188903670
557188936210
557188949931
557189380620
557191056269
557191081275
557191144626
557191195687
557191245454
557191269142
557191290804
557191307231
557191331046
557191346006
557191352581
557191443098
557191549727
557191788873
557191803367
557191852107
557191867032
557191887496
557191893126
557192014778
557192042051
557192048354
557192048857
557192049974
557192071771
557192171451
557192299772
557192323695
557192437562
557192464626
557192523230
557192527385
557192660341
557192753948
557192823236
557192862468
557192880858
557192887216
557192903692
557192986873
557193037080
557193193408
557193195597
557193250589
557193281311
557193311224
557193372522
557193374835
557193467333
557193480859
557193653584
557193689634
557193689735
557193879566
557194055404
557194136160
557194136442
557194143345
557194164622
557196052041
557196064647
557196188529
557196363801
557196393598
557196398794
557196431943
557196798898
557196860061
557196936659
557196980380
557197041707
557197265727
557197267561
557197294434
557197301526
557199037608
557199053104
557199268816
557199418810
557199534122
557199537493
557199581579
557199701508
557199887088
557381449503
557381539877
557388158358
557388675631
557398536106
557399634290
557481392735
557488149764
557488285212
557499036945
557499249324
557499477070
557581207818
557581280773
557581342389
557581854104
557582381509
557582867242
557582996529
557583230010
557583277737
557583333610
557587121131
557588027459
557588031960
557588043432
557588054275
557588055687
557588106124
557588144498
557588193640
557588250612
557588320688
557588530019
557588533507
557588572723
557588614755
557588618054
557588625247
557588627658
557588657186
557588810979
557588964493
557591218460
557591405346
557591497657
557591505193
557591508146
557591578576
557591948914
557592047633
557592095531
557592412457
557598060983
557598490419
557598556798
557598823967
557598902800
557599040698
557599308150
557599871453
557599947050
557788018028
557791658922
557798214039
557798564660
557799151287
557996558686
557996607854
557996856953
558174018112
558181107998
558185891925
558186965153
558189804581
558192131681
558192442961
558194106882
558194221168
558194642694
558196285768
558198013571
558199092751
558199352023
558281048106
558281198974
558281279700
558281704363
558281741053
558281772177
558291046702
558291130580
558293614106
558296083922
558296234610
558296330843
558296382018
558299383939
558299548078
558299856984
558299935497
558381058401
558381084242
558381148524
558381411120
558381541376
558382286300
558386046620
558386070154
558386094634
558386134665
558386223252
558386248862
558386296776
558386302419
558386361636
558386388926
558386404778
558386421766
558386425641
558386464376
558386490214
558386496129
558386496190
558386514266
558386533760
558386548077
558386579492
558386648410
558386744671
558386755644
558386770821
558386802314
558386877861
558386933364
558386938060
558387006490
558387013653
558387051613
558387102106
558387111769
558387150468
558387185934
558387199642
558387222969
558387242640
558387249835
558387283375
558387299862
558387367446
558387470354
558387470564
558387530869
558387652953
558387666904
558387786122
558387823876
558387826127
558387834132
558387840770
558387844046
558387844441
558387866405
558387949266
558387963136
558387969767
558387986005
558387996330
558387996950
558388025684
558388049020
558388103560
558388110251
558388158594
558388215481
558388238665
558388268447
558388295957
558388302068
558388326961
558388357649
558388369812
558388381933
558388410259
558388420769
558388424384
558388446068
558388474645
558388518485
558388520744
558388550730
558388554075
558388588711
558388589832
558388591838
558388594463
558388594907
558388599211
558388604890
558388628308
558388630007
558388636449
558388638927
558388694647
558388694704
558388710924
558388729056
558388742616
558388747419
558388772925
558388807514
558388811061
558388825335
558388870255
558388870903
558388872995
558388873982
558388881761
558388894369
558388897453
558388910115
558388925228
558388929458
558388958573
558388959476
558388959534
558389160412
558391042037
558391063426
558391064584
558391073667
558391099376
558391210611
558391214470
558391268956
558391297856
558391359615
558391479463
558391527053
558391567006
558391745265
558391770114
558391805598
558391852458
558391888259
558391911313
558391936683
558391969809
558393094877
558393109158
558393154453
558393364448
558393507575
558393510765
558394000908
558394030682
558394080118
558394090215
558396002055
558396060983
558396140310
558396159492
558396169795
558396196463
558396197648
558396220878
558396289877
558396406685
558396406694
558396545219
558396547600
558396586607
558396624301
558396666620
558396695152
558396761350
558396964190
558396981818
558398031412
558398081066
558398140093
558398153038
558398215220
558398241973
558398243034
558398249652
558398311656
558398355999
558398387687
558398398603
558398470954
558398494835
558398516068
558398573037
558398588584
558398602605
558398829384
558398938949
558399099483
558399270954
558399321778
558399331476
558399396106
558399396344
558399423137
558399426244
558399429274
558399444540
558399500958
558399510270
558399510276
558399551800
558399553808
558399607000
558399798097
558399799697
558399826871
558399847897
558399858896
558399879081
558399894265
558399928120
558399963370
558399991191
558481016829
558481218279
558487083801
558491286747
558494579808
558494985780
558498994685
558499927674
558586788799
558694352051
558695669872
558699310926
558781090733
558781268376
558781522880
558781637255
558896380015
558898229626
558899285053
559284389543
559284514479
559295172066
559392428309
559492357151
559885814975
559984501406
559984516403
559991411109
5511913357853
5511917034726
5511930591353
5511939423858
5511947487754
5511953929287
5511958778659
5511959952976
5511962452661
5511963628784
5511964000462
5511964252868
5511964397182
5511964410360
5511966746934
5511976618853
5511976662015
5511977516650
5511977922400
5511981061829
5511981282981
5511981980701
5511982529705
5511983117517
5511985251862
5511985298981
5511994674358
5513991278394
5513997151444
5514996901624
5514998788527
5516982023343
5516994203636
5519982741870
5519991253889
5519996584269
5521969779771
5521984764200
5521986566921
5524978342018
5531975189415
5531997449861
5532984496572
5533997341370
5534997172193
5534997253042
5535992136525
5535998222539
5538998237408
5538999106292
5541991085410
5541999296770
5547996087291
5547999807898
5549988906712
5551984027876
5551999066478
5553991456749
5561996299938
5561998161704
5561998641812
5561999965410
5562992419087
5562994813228
5564992603620
5564992745095
5565999476945
5567998434365
5567999153019
5567999626860
5569999124720
5571981551175
5571982101610
5571982387027
5571982428477
5571982744152
5571982945128
5571983945190
5571986441232
5571986612872
5571987401526
5571987533514
5571987668027
5571988317148
5571988386355
5571988610719
5571991071663
5571991120362
5571991158289
5571991194154
5571991299627
5571991426587
5571992111403
5571992251219
5571992362957
5571992434529
5571992617998
5571992630220
5571993139608
5571993368453
5571994120468
5571994120510
5571996593414
5571999076022
5571999842601
5573988857671
5574981115131
5574988613270
5575981444163
5575991311789
5581982977630
5581986055987
5581986434830
5581986461868
5581986714943
5581991114699
5581993465838
5581995207232
5581995471796
5581996763495
5581997883467
5581998060719
5582996848163
5583881815532
5583981892513
5583982019379
5583986287337
5583987139478
5583987331330
5583987393307
5583987813183
5583988170803
5583988416926
5583988761149
5583988770157
5583988880047
5583988901706
5583988976794
5583991076128
5583991124969
5583991915532
5583993171070
5583993589877
5583996156160
5583996335036
5583996468613
5583996770010
5583996927943
5583999130492
5583999447944
5585985656926
5585987638163
5585989738306
5585996161512
5585996633977
5591982183673
5591991507460
5592992732071
5593991051951
5598985514149
5598989341944